0000000000000000000000000000000000000000000000000000000000000000
0000000000000000000000000000000000000000000000000000000000000000
0000000000000000000000000000000000000000000000000000000000000000
0000000000000000000000000000000000000000000000000000000000000000
0000000000000000000000000000000000000000000000000000000000000000
0000000000000000000000000000000000000000000000000000000000000000
0000000000000000000000000000000000000000000000000000000000000000
0000000000000111000000000000000000000000000000001110000000000000
0000000000001111100000000000000000000000000000011111000000000000
0000000000011111000000000000000000000000000000001111100000000000
0000000000111111000000000000000000000000000000001111110000000000
0000000001111110000000000011111111111100000000000111111000000000
0000000011111000000000011111111111111111100000000011111100000000
0000000111110000000001111111111111111111111000000000111110000000
0000001111110000000111111111111111111111111110000000111111000000
0000011111100000001111111110000000000111111111000000011111100000
0001111110000000111111110000000000000000111111110000000111111000
0000111100000001111111000000000000000000001111111000000011110000
0000011000000011111100000000000000000000000011111000000011100000
0000000000000111111000000000000000000000000011111100000000000000
0000000000001111100000000000000000000000000000111110000000000000
0000000000001111100000000000000110000000000000011111000000000000
0000000000001111000000000000001111000000000000001111000000000000
0000000000011111000000000000001111000000000000001111100000000000
0000000000111110000000000000001111000000000000000111110000000000
0000000000111100000000000000001111000000000000000011110000000000
0000000001111100000000000000001111000000000000000011110000000000
0000000001111000000000000000001111000000000000000001111000000000
0000000001111000000000000000001111000000000000000001111000000000
0000000011111000000000000000001111000000000000000001111000000000
0000000011110000000000000000001111000000000000000000111100000000
0000000011110000000000000000001111000000000000000000111100000000
0000000011110000000000000000001111000000000000000000111100000000
0000000011110000000000000000001111000000000000000000111100000000
0000000011110000000000000000001111100000000000000000111100000000
0000000011110000000000000000001111110000000000000000111100000000
0000000011110000000000000000000111111000000000000000111100000000
0000000011110000000000000000000011111100000000000000111100000000
0000000011110000000000000000000001111110000000000000111100000000
0000000011110000000000000000000000111111000000000000111100000000
0000000001111000000000000000000000011111100000000001111000000000
0000000001111000000000000000000000001111110000000001111000000000
0000000001111100000000000000000000000111110000000011111000000000
0000000000111100000000000000000000000011110000000011110000000000
0000000000111110000000000000000000000001100000000111110000000000
0000000000011111000000000000000000000000000000001111100000000000
0000000000011111000000000000000000000000000000001111000000000000
0000000000001111100000000000000000000000000000011111000000000000
0000000000001111110000000000000000000000000000111110000000000000
0000000000000111111000000000000000000000000001111110000000000000
0000000000000011111100000000000000000000000011111100000000000000
0000000000000001111110000000000000000000000111111000000000000000
0000000000000000111111110000000000000000111111110000000000000000
0000000000000000001111111100000000000011111111100000000000000000
0000000000000000000111111111110000011111111110000000000000000000
0000000000000000000011111111111111111111111100000000000000000000
0000000000000000000000011111111111111111100000000000000000000000
0000000000000000000000000011111111111100000000000000000000000000
0000000000000000000000000000011111000000000000000000000000000000
0000000000000000000000000000000000000000000000000000000000000000
0000000000000000000000000000000000000000000000000000000000000000
0000000000000000000000000000000000000000000000000000000000000000
0000000000000000000000000000000000000000000000000000000000000000
0000000000000000000000000000000000000000000000000000000000000000
